20 2 4
0 53 58 55 41 59 43 48 50 15 48 27 47 53 45 62 36 38 23 64 
53 0 48 60 40 57 58 40 54 62 29 57 56 57 54 67 50 42 30 48 
58 48 0 54 47 14 30 51 17 55 42 46 35 32 30 36 38 29 35 34 
55 60 54 0 20 40 24 46 37 40 43 38 58 52 37 46 37 38 38 54 
41 40 47 20 0 50 34 26 30 43 23 31 42 33 45 44 44 18 18 35 
59 57 14 40 50 0 16 39 29 44 28 32 49 38 16 38 31 32 47 46 
43 58 30 24 34 16 0 27 13 28 38 16 36 28 28 22 29 16 31 30 
48 40 51 46 26 39 27 0 36 44 11 36 16 31 36 42 32 41 26 30 
50 54 17 37 30 29 13 36 0 41 36 29 34 15 15 19 42 12 27 17 
15 62 55 40 43 44 28 44 41 0 33 12 32 39 30 50 21 44 32 49 
48 29 42 43 23 28 38 11 36 33 0 28 27 31 25 38 21 41 37 19 
27 57 46 38 31 32 16 36 29 12 28 0 20 32 42 38 13 32 44 37 
47 56 35 58 42 49 36 16 34 32 27 20 0 29 49 32 26 44 42 17 
53 57 32 52 33 38 28 31 15 39 31 32 29 0 30 34 45 15 30 12 
45 54 30 37 45 16 28 36 15 30 25 42 49 30 0 34 46 27 42 32 
62 67 36 46 44 38 22 42 19 50 38 38 32 34 34 0 31 26 41 36 
36 50 38 37 44 31 29 32 42 21 21 13 26 45 46 31 0 35 50 40 
38 42 29 38 18 32 16 41 12 44 41 32 44 15 27 26 35 0 15 27 
23 30 35 38 18 47 31 26 27 32 37 44 42 30 42 41 50 15 0 42 
64 48 34 54 35 46 30 30 17 49 19 37 17 12 32 36 40 27 42 0 
16 15 17 15 
19 18 19 18 
15 19 15 19 
15 18 18 16 
16 17 15 18 
17 17 15 16 
18 19 16 17 
15 15 16 19 
19 15 15 15 
17 16 15 19 
15 18 19 16 
17 19 15 17 
15 18 19 15 
17 17 15 17 
15 17 18 16 
15 19 17 18 
16 19 15 18 
15 17 17 16 
15 16 17 16 
16 18 18 19 
1 1 1 1 
1 1 1 1 
1 1 1 1 
1 1 1 1 
1 1 1 1 
1 1 1 1 
1 1 1 1 
1 1 1 1 
1 1 1 1 
1 1 1 1 
1 1 1 1 
1 1 1 1 
1 1 1 1 
1 1 1 1 
1 1 1 1 
1 1 1 1 
1 1 1 1 
1 1 1 1 
1 1 1 1 
1 1 1 1 
1 0 1 0 
1 1 0 0 
1 1 1 0 
1 0 0 0 
1 1 0 0 
0 1 1 0 
1 0 1 1 
1 1 1 0 
0 0 1 1 
0 0 1 0 
1 1 1 1 
1 0 1 1 
1 1 0 1 
1 0 1 1 
0 0 1 1 
1 1 1 1 
1 1 1 1 
1 1 1 1 
1 0 1 1 
1 0 1 1 
1 1 1 1 
0 0 0 0 
0 0 1 0 
1 1 1 0 
1 1 1 1 
0 1 0 0 
1 0 0 0 
0 1 1 0 
1 1 1 1 
1 0 0 0 
1 1 1 1 
1 1 1 1 
0 0 0 0 
0 0 0 0 
1 1 1 1 
1 1 1 1 
0 1 1 1 
1 1 1 1 
0 0 0 0 
0 0 0 0 
0.3
0.3
0.3
0.3
