20 6 2
0 61 41 44 36 60 42 47 38 49 10 36 43 45 21 51 47 40 26 25 
61 0 51 46 39 23 25 34 29 45 52 26 32 16 54 42 44 22 41 36 
41 51 0 58 55 68 42 54 46 40 37 25 35 36 40 33 57 31 47 16 
44 46 58 0 53 39 44 42 17 33 45 45 23 60 44 30 40 33 29 48 
36 39 55 53 0 36 14 22 36 20 32 50 32 40 15 35 14 25 30 39 
60 23 68 39 36 0 46 48 22 38 50 49 55 39 45 35 22 38 34 53 
42 25 42 44 14 46 0 36 27 34 32 37 46 28 29 40 28 11 16 26 
47 34 54 42 22 48 36 0 34 25 54 49 32 18 37 47 26 47 46 38 
38 29 46 17 36 22 27 34 0 16 28 42 40 45 49 13 23 16 12 31 
49 45 40 33 20 38 34 25 16 0 44 35 52 43 35 29 34 32 28 24 
10 52 37 45 32 50 32 54 28 44 0 46 53 55 31 41 46 30 16 35 
36 26 25 45 50 49 37 49 42 35 46 0 58 31 35 55 52 26 53 11 
43 32 35 23 32 55 46 32 40 52 53 58 0 43 47 29 46 54 52 50 
45 16 36 60 40 39 28 18 45 43 55 31 43 0 44 36 28 35 44 20 
21 54 40 44 15 45 29 37 49 35 31 35 47 44 0 50 26 39 45 24 
51 42 33 30 35 35 40 47 13 29 41 55 29 36 50 0 36 29 25 44 
47 44 57 40 14 22 28 26 23 34 46 52 46 28 26 36 0 39 35 41 
40 22 31 33 25 38 11 47 16 32 30 26 54 35 39 29 39 0 27 15 
26 41 47 29 30 34 16 46 12 28 16 53 52 44 45 25 35 27 0 42 
25 36 16 48 39 53 26 38 31 24 35 11 50 20 24 44 41 15 42 0 
15 19 
17 15 
18 17 
19 17 
17 15 
19 16 
19 19 
18 15 
17 17 
19 16 
15 16 
15 15 
16 18 
19 17 
16 18 
19 17 
16 16 
16 18 
17 19 
17 17 
1 1 
1 1 
1 1 
1 1 
1 1 
1 1 
1 1 
1 1 
1 1 
1 1 
1 1 
1 1 
1 1 
1 1 
1 1 
1 1 
1 1 
1 1 
1 1 
1 1 
1 1 
0 1 
1 0 
1 1 
1 1 
1 1 
1 1 
1 1 
1 0 
0 1 
1 0 
0 1 
1 0 
1 0 
0 1 
1 1 
0 1 
1 0 
1 0 
1 1 
0 1 
0 0 
0 0 
0 0 
1 0 
1 0 
1 1 
1 1 
1 1 
0 0 
0 0 
0 1 
1 0 
1 1 
1 1 
1 1 
0 1 
0 0 
0 0 
0 1 
0.04
0.13
