20 2
0 22 36 14 15 15 38 35 19 29 37 26 8 21 41 36 14 27 37 26
22 0 32 32 7 35 17 30 19 19 21 22 15 24 25 19 33 14 29 7
36 32 0 31 31 36 30 2 17 13 20 11 30 16 20 20 35 45 7 26
14 32 31 0 25 5 44 30 18 30 40 24 18 17 43 39 4 40 35 33
15 7 31 25 0 28 24 29 15 20 25 20 7 19 29 24 26 17 30 12
15 35 36 5 28 0 49 35 23 35 45 29 21 21 47 43 2 42 40 37
38 17 30 44 24 49 0 28 27 18 10 25 30 31 13 10 47 27 24 12
35 30 2 30 29 35 28 0 16 12 19 9 29 14 19 19 34 44 7 25
19 19 17 18 15 23 27 16 0 12 22 7 13 5 24 20 21 31 19 17
29 19 13 30 20 35 18 12 12 0 10 7 22 14 13 9 33 32 10 13
37 21 20 40 25 45 10 19 22 10 0 17 29 24 4 1 43 33 14 14
26 22 11 24 20 29 25 9 7 7 17 0 20 8 19 16 27 35 12 17
8 15 30 18 7 21 30 29 13 22 29 20 0 16 33 28 19 22 31 18
21 24 16 17 19 21 31 14 5 14 24 8 16 0 27 23 20 36 19 21
41 25 20 43 29 47 13 19 24 13 4 19 33 27 0 5 46 37 13 18
36 19 20 39 24 43 10 19 20 9 1 16 28 23 5 0 41 32 14 12
14 33 35 4 26 2 47 34 21 33 43 27 19 20 46 41 0 40 39 35
27 14 45 40 17 42 27 44 31 32 33 35 22 36 37 32 40 0 42 20
37 29 7 35 30 40 24 7 19 10 14 12 31 19 13 14 39 42 0 22
26 7 26 33 12 37 12 25 17 13 14 17 18 21 18 12 35 20 22 0
