10 2
0 15 25 10 10 11 27 24 13 20
15 0 22 22 5 25 12 21 13 13
25 22 0 22 22 25 21 1 12 9
10 22 22 0 17 3 31 21 13 21
10 5 22 17 0 20 17 21 11 14
11 25 25 3 20 0 34 25 16 24
27 12 21 31 17 34 0 20 19 13
24 21 1 21 21 25 20 0 11 8
13 13 12 13 11 16 19 11 0 8
20 13 9 21 14 24 13 8 8 0
